0.2155
0.2155
0.2155
0.3625
0.2129
0.2129
0.0790
0.0602
0.0602
0.0602
0.1833
0.6942
0.6942
0.1004
0.3444
0.3444
0.3444
0.3518
0.9982
0.9982
0.2703
0.3900
0.3900
0.3900
0.2912
0.9870
0.9870
0.2242
0.3641
0.3641
0.3641
0.3920
0.9724
0.9724
0.3037
0.3431
0.3431
0.3431
0.2350
0.9060
0.9060
0.3157
0.3874
0.3874
0.3874
0.3799
0.9248
0.9248
0.3010
0.3751
0.3751
0.3751
0.3876
0.8980
0.8980
0.3074
0.3259
0.3259
0.3259
0.4658
0.8346
0.8346
0.3627
0.2989
0.2989
0.2989
0.4560
0.8083
0.8083
0.3731
0.2806
0.2806
0.2806
0.5516
0.8002
0.8002
0.3676
0.2884
0.2884
0.2884
0.5531
0.8535
0.8535
0.3073
0.2957
0.2957
0.2957
0.5242
0.8747
0.8747
0.3239
0.3133
0.3133
0.3133
0.5353
0.8951
0.8951
0.2980
0.3214
0.3214
0.3214
0.6014
0.9353
0.9353
0.2507
0.3125
0.3125
0.3125
0.4295
0.9246
0.9246
0.2529
0.3214
0.3214
0.3214
0.4325
0.9778
0.9778
0.2201
0.3653
0.3653
0.3653
0.3072
0.9925
0.9925
0.2129
0.3916
0.3916
0.3916
0.2295
0.9919
0.9919
0.2039
0.3891
0.3891
0.3891
0.2542
0.9944
0.9944
0.2327
0.3958
0.3958
0.3958
0.2855
0.9939
0.9939
0.2263
0.4047
0.4047
0.4047
0.2301
0.9933
0.9933
0.2424
0.3859
0.3859
0.3859
0.2070
0.9934
0.9934
0.2819
0.4413
0.4413
0.4413
0.2137
0.9903
0.9903
0.2526
0.3698
0.3698
0.3698
0.2197
0.9920
0.9920
0.2967
0.5041
0.5041
0.5041
0.2172
0.9888
0.9888
0.2417
0.4388
0.4388
0.4388
0.2207
0.9846
0.9846
0.2935
0.6502
0.6502
0.6502
0.2180
0.9816
0.9816
0.3073
0.6552
0.6552
0.6552
0.2380
0.9797
0.9797
0.3250
0.6289
0.6289
0.6289
0.3012
0.9807
0.9807
0.3043
0.8756
0.8756
0.8756
0.2115
0.9787
0.9787
0.2476
0.8696
0.8696
0.8696
0.3373
0.8683
0.8683
0.2996
