0.2154
0.2154
0.2154
0.8740
0.5538
0.5538
0.1368
0.1159
0.1159
0.1159
0.5019
0.9895
0.9895
0.4864
0.3375
0.3375
0.3375
0.6694
0.9998
0.9998
0.4919
0.7379
0.7379
0.7379
0.6330
0.9996
0.9996
0.4095
0.8304
0.8304
0.8304
0.4918
0.9989
0.9989
0.4228
0.7447
0.7447
0.7447
0.7034
0.9988
0.9988
0.4622
0.8185
0.8185
0.8185
0.6915
0.9994
0.9994
0.4185
0.6945
0.6945
0.6945
0.8243
0.9974
0.9974
0.4659
0.6924
0.6924
0.6924
0.4804
0.9988
0.9988
0.4179
0.6432
0.6432
0.6432
0.6429
0.9928
0.9928
0.5100
0.6436
0.6436
0.6436
0.7129
0.9916
0.9916
0.5500
0.6384
0.6384
0.6384
0.7930
0.9840
0.9840
0.6176
0.6051
0.6051
0.6051
0.9133
0.9645
0.9645
0.5261
0.6058
0.6058
0.6058
0.8655
0.9817
0.9817
0.4671
0.6314
0.6314
0.6314
0.6987
0.9875
0.9875
0.4377
0.7142
0.7142
0.7142
0.7454
0.9915
0.9915
0.4587
0.6430
0.6430
0.6430
0.8044
0.9929
0.9929
0.3885
0.6537
0.6537
0.6537
0.6885
0.9975
0.9975
0.4368
0.6667
0.6667
0.6667
0.6474
0.9976
0.9976
0.4000
0.6947
0.6947
0.6947
0.6197
0.9978
0.9978
0.4245
0.7660
0.7660
0.7660
0.6252
0.9978
0.9978
0.3400
0.8539
0.8539
0.8539
0.6858
0.9988
0.9988
0.5081
