0.6726
0.6726
0.6726
0.8578
0.8851
0.8851
0.0967
0.6471
0.6471
0.6471
0.7251
0.3749
0.3749
0.2486
0.5429
0.5429
0.5429
0.8749
0.4260
0.4260
0.1253
0.5674
0.5674
0.5674
0.8504
0.4462
0.4462
0.1392
0.5708
0.5708
0.5708
0.7438
0.5509
0.5509
0.2053
0.6209
0.6209
0.6209
0.6508
0.5149
0.5149
0.1704
0.6932
0.6932
0.6932
0.6658
0.5756
0.5756
0.2820
0.5306
0.5306
0.5306
0.9119
0.6012
0.6012
0.2986
0.6121
0.6121
0.6121
0.8510
0.5317
0.5317
0.2800
0.4820
0.4820
0.4820
0.9228
0.5768
0.5768
0.3515
0.5340
0.5340
0.5340
0.8923
0.5108
0.5108
0.4460
0.4882
0.4882
0.4882
0.9614
0.4707
0.4707
0.3113
0.5457
0.5457
0.5457
0.9316
0.4921
0.4921
0.4860
0.4983
0.4983
0.4983
0.9650
0.5887
0.5887
0.4668
0.6759
0.6759
0.6759
0.7795
0.6344
0.6344
0.4837
0.5868
0.5868
0.5868
0.9880
0.5505
0.5505
0.3359
0.5959
0.5959
0.5959
0.9590
0.5040
0.5040
0.4434
0.5912
0.5912
0.5912
0.8607
0.4659
0.4659
0.4378
0.5521
0.5521
0.5521
0.8297
0.5067
0.5067
0.3795
0.5946
0.5946
0.5946
0.7007
0.5032
0.5032
0.4781
0.6625
0.6625
0.6625
0.8577
0.5538
0.5538
0.3455
0.7074
0.7074
0.7074
0.9052
0.5021
0.5021
0.3231
0.7144
0.7144
0.7144
0.6873
0.4878
0.4878
0.2840
0.7065
0.7065
0.7065
0.6868
0.5238
0.5238
0.2484
0.7939
0.7939
0.7939
0.6821
0.5319
0.5319
0.2021
0.8434
0.8434
0.8434
0.6187
0.5869
0.5869
0.2799
0.8382
0.8382
0.8382
1.0000
0.6367
0.6367
0.2550
0.8731
0.8731
0.8731
0.9984
0.4954
0.4954
0.1789
