0.5285
0.5285
0.5285
0.3464
0.9854
0.9854
0.0609
0.8503
0.8503
0.8503
0.3918
0.9993
0.9993
0.1691
0.9131
0.9131
0.9131
0.3525
0.9985
0.9985
0.1765
0.9365
0.9365
0.9365
0.4893
0.9986
0.9986
0.2556
0.8988
0.8988
0.8988
0.4836
0.9728
0.9728
0.2383
0.9460
0.9460
0.9460
0.5282
0.9791
0.9791
0.2127
0.8085
0.8085
0.8085
0.6789
0.9520
0.9520
0.1964
0.7359
0.7359
0.7359
0.7842
0.9461
0.9461
0.3144
0.6250
0.6250
0.6250
0.7893
0.9427
0.9427
0.3792
0.5219
0.5219
0.5219
0.7743
0.9512
0.9512
0.3145
0.5958
0.5958
0.5958
0.7691
0.9619
0.9619
0.3466
0.5323
0.5323
0.5323
0.8078
0.8528
0.8528
0.2606
0.5402
0.5402
0.5402
0.6553
0.9008
0.9008
0.3509
0.5080
0.5080
0.5080
0.7200
0.9121
0.9121
0.2472
0.5433
0.5433
0.5433
0.7454
0.9369
0.9369
0.3120
0.5811
0.5811
0.5811
0.5723
0.9211
0.9211
0.2338
0.5969
0.5969
0.5969
0.5173
0.9305
0.9305
0.1854
0.6361
0.6361
0.6361
0.5855
0.9513
0.9513
0.1736
0.6680
0.6680
0.6680
0.3474
0.9706
0.9706
0.1703
0.7269
0.7269
0.7269
0.3695
0.9669
0.9669
0.1867
0.7032
0.7032
0.7032
0.4408
0.9606
0.9606
0.1950
0.7061
0.7061
0.7061
0.3077
0.9541
0.9541
0.1790
0.6737
0.6737
0.6737
0.3910
0.9509
0.9509
0.1532
0.7322
0.7322
0.7322
0.4491
0.9357
0.9357
0.1598
0.7082
0.7082
0.7082
0.4187
0.9429
0.9429
0.1752
0.7493
0.7493
0.7493
0.2602
0.9370
0.9370
0.1445
0.6999
0.6999
0.6999
0.3474
0.9431
0.9431
0.2062
0.7627
0.7627
0.7627
0.3033
0.9635
0.9635
0.0888
0.7240
0.7240
0.7240
0.5135
0.9406
0.9406
0.2455
0.7758
0.7758
0.7758
0.3268
0.9474
0.9474
0.2304
0.7361
0.7361
0.7361
0.4653
0.9832
0.9832
0.0966
0.9159
0.9159
0.9159
0.1427
0.9975
0.9975
0.2229
