0.7599
0.7599
0.7599
0.4095
0.0465
0.0465
0.0332
0.3091
0.3091
0.3091
0.6361
0.1069
0.1069
0.0814
0.7825
0.7825
0.7825
0.5052
0.1531
0.1531
0.0437
0.8497
0.8497
0.8497
0.5576
0.2415
0.2415
0.0882
0.5977
0.5977
0.5977
0.5121
0.2498
0.2498
0.0735
0.7355
0.7355
0.7355
0.6163
0.2119
0.2119
0.1343
0.4395
0.4395
0.4395
0.7699
0.1377
0.1377
0.1690
0.5237
0.5237
0.5237
0.6430
0.4737
0.4737
0.1303
0.5864
0.5864
0.5864
0.5762
0.5851
0.5851
0.1565
0.5191
0.5191
0.5191
0.7192
0.2613
0.2613
0.0890
0.4520
0.4520
0.4520
0.7095
0.4368
0.4368
0.1331
0.4927
0.4927
0.4927
0.7709
0.6058
0.6058
0.1922
0.4343
0.4343
0.4343
0.7664
0.5864
0.5864
0.2157
0.4539
0.4539
0.4539
0.8061
0.4616
0.4616
0.1749
0.5525
0.5525
0.5525
0.6320
0.4845
0.4845
0.2152
0.5568
0.5568
0.5568
0.8014
0.5541
0.5541
0.2384
0.4597
0.4597
0.4597
0.8474
0.5573
0.5573
0.2416
0.4758
0.4758
0.4758
0.7311
0.5178
0.5178
0.1566
0.4441
0.4441
0.4441
0.7903
0.4220
0.4220
0.0833
0.5069
0.5069
0.5069
0.8207
0.3965
0.3965
0.1268
0.5159
0.5159
0.5159
0.7268
0.4361
0.4361
0.1309
0.5569
0.5569
0.5569
0.6808
0.4078
0.4078
0.1085
0.5882
0.5882
0.5882
0.6488
0.3762
0.3762
0.1259
0.7221
0.7221
0.7221
0.3989
0.3480
0.3480
0.0820
0.6287
0.6287
0.6287
0.5964
0.3495
0.3495
0.1003
0.7064
0.7064
0.7064
0.4656
0.3489
0.3489
0.1102
0.7460
0.7460
0.7460
0.5210
0.3187
0.3187
0.1988
0.7952
0.7952
0.7952
0.7600
0.2072
0.2072
0.1177
