0.9508
0.9508
0.9508
0.9897
0.5104
0.5104
0.2612
0.9664
0.9664
0.9664
0.7266
0.9164
0.9164
0.3875
0.9173
0.9173
0.9173
0.9229
0.8866
0.8866
0.4872
0.9735
0.9735
0.9735
0.9913
0.7780
0.7780
0.4138
0.9033
0.9033
0.9033
0.9629
0.8495
0.8495
0.3831
0.8777
0.8777
0.8777
0.9798
0.5927
0.5927
0.2642
0.8659
0.8659
0.8659
0.9955
0.6514
0.6514
0.4343
0.8534
0.8534
0.8534
0.9690
0.6207
0.6207
0.5442
0.8154
0.8154
0.8154
0.9725
0.6490
0.6490
0.6497
0.9634
0.9634
0.9634
0.8194
0.6841
0.6841
0.6913
0.8585
0.8585
0.8585
0.9953
0.6745
0.6745
0.6769
0.9658
0.9658
0.9658
0.7672
0.7948
0.7948
0.4652
0.8797
0.8797
0.8797
0.9582
0.7158
0.7158
0.7554
0.8911
0.8911
0.8911
0.9726
0.7160
0.7160
0.6812
0.8548
0.8548
0.8548
0.9904
0.7662
0.7662
0.6841
0.8467
0.8467
0.8467
0.9733
0.7772
0.7772
0.5814
0.8733
0.8733
0.8733
0.7321
0.7517
0.7517
0.4797
0.8699
0.8699
0.8699
0.7665
0.6631
0.6631
0.3707
0.8300
0.8300
0.8300
0.9008
0.6885
0.6885
0.3906
0.8436
0.8436
0.8436
0.9904
0.6832
0.6832
0.5058
0.9018
0.9018
0.9018
0.7934
0.7803
0.7803
0.4420
0.9598
0.9598
0.9598
0.7363
0.9510
0.9510
0.2475
0.9600
0.9600
0.9600
0.8991
0.9666
0.9666
0.3547
0.9805
0.9805
0.9805
0.8464
0.9603
0.9603
0.3404
